Files already downloaded and verified
Files already downloaded and verified
[1,  1000] loss: 2.342
[1,  2000] loss: 2.362
[1,  3000] loss: 2.360
[1,  4000] loss: 2.355
[1,  5000] loss: 2.360
[1,  6000] loss: 2.351
[1,  7000] loss: 2.361
[1,  8000] loss: 2.360
[1,  9000] loss: 2.367
[1, 10000] loss: 2.361
[1, 11000] loss: 2.355
[1, 12000] loss: 2.369
[2,  1000] loss: 2.356
[2,  2000] loss: 2.354
[2,  3000] loss: 2.349
[2,  4000] loss: 2.354
[2,  5000] loss: 2.356
[2,  6000] loss: 2.356
[2,  7000] loss: 2.369
[2,  8000] loss: 2.359
[2,  9000] loss: 2.355
[2, 10000] loss: 2.365
[2, 11000] loss: 2.376
[2, 12000] loss: 2.372
[3,  1000] loss: 2.370
[3,  2000] loss: 2.372
[3,  3000] loss: 2.372
[3,  4000] loss: 2.378
[3,  5000] loss: 2.375
[3,  6000] loss: 2.377
[3,  7000] loss: 2.373
[3,  8000] loss: 2.375
[3,  9000] loss: 2.376
[3, 10000] loss: 2.375
[3, 11000] loss: 2.370
[3, 12000] loss: 2.374
[4,  1000] loss: 2.369
[4,  2000] loss: 2.373
[4,  3000] loss: 2.371
[4,  4000] loss: 2.372
[4,  5000] loss: 2.383
[4,  6000] loss: 2.370
[4,  7000] loss: 2.371
[4,  8000] loss: 2.373
[4,  9000] loss: 2.372
[4, 10000] loss: 2.370
[4, 11000] loss: 2.380
[4, 12000] loss: 2.369
[5,  1000] loss: 2.377
[5,  2000] loss: 2.371
[5,  3000] loss: 2.375
[5,  4000] loss: 2.372
[5,  5000] loss: 2.377
[5,  6000] loss: 2.368
[5,  7000] loss: 2.371
[5,  8000] loss: 2.372
[5,  9000] loss: 2.373
[5, 10000] loss: 2.371
[5, 11000] loss: 2.380
[5, 12000] loss: 2.387
[6,  1000] loss: 2.373
[6,  2000] loss: 2.367
[6,  3000] loss: 2.374
[6,  4000] loss: 2.364
[6,  5000] loss: 2.379
[6,  6000] loss: 2.364
[6,  7000] loss: 2.381
[6,  8000] loss: 2.373
[6,  9000] loss: 2.380
[6, 10000] loss: 2.379
[6, 11000] loss: 2.376
[6, 12000] loss: 2.366
[7,  1000] loss: 2.359
[7,  2000] loss: 2.371
[7,  3000] loss: 2.379
[7,  4000] loss: 2.380
[7,  5000] loss: 2.378
[7,  6000] loss: 2.376
[7,  7000] loss: 2.368
[7,  8000] loss: 2.368
[7,  9000] loss: 2.372
[7, 10000] loss: 2.382
[7, 11000] loss: 2.367
[7, 12000] loss: 2.369
[8,  1000] loss: 2.378
[8,  2000] loss: 2.365
[8,  3000] loss: 2.374
[8,  4000] loss: 2.369
[8,  5000] loss: 2.377
[8,  6000] loss: 2.377
[8,  7000] loss: 2.376
[8,  8000] loss: 2.377
[8,  9000] loss: 2.372
[8, 10000] loss: 2.365
[8, 11000] loss: 2.377
[8, 12000] loss: 2.370
[9,  1000] loss: 2.371
[9,  2000] loss: 2.373
[9,  3000] loss: 2.378
[9,  4000] loss: 2.378
[9,  5000] loss: 2.373
[9,  6000] loss: 2.373
[9,  7000] loss: 2.380
[9,  8000] loss: 2.367
[9,  9000] loss: 2.368
[9, 10000] loss: 2.370
[9, 11000] loss: 2.374
[9, 12000] loss: 2.372
[10,  1000] loss: 2.371
[10,  2000] loss: 2.370
[10,  3000] loss: 2.374
[10,  4000] loss: 2.377
[10,  5000] loss: 2.368
[10,  6000] loss: 2.369
[10,  7000] loss: 2.374
[10,  8000] loss: 2.375
[10,  9000] loss: 2.385
[10, 10000] loss: 2.368
[10, 11000] loss: 2.379
[10, 12000] loss: 2.367
[11,  1000] loss: 2.377
[11,  2000] loss: 2.370
[11,  3000] loss: 2.366
[11,  4000] loss: 2.390
[11,  5000] loss: 2.372
[11,  6000] loss: 2.372
[11,  7000] loss: 2.374
[11,  8000] loss: 2.370
[11,  9000] loss: 2.362
[11, 10000] loss: 2.381
[11, 11000] loss: 2.381
[11, 12000] loss: 2.374
[12,  1000] loss: 2.373
[12,  2000] loss: 2.365
[12,  3000] loss: 2.376
[12,  4000] loss: 2.374
[12,  5000] loss: 2.367
[12,  6000] loss: 2.361
[12,  7000] loss: 2.368
[12,  8000] loss: 2.373
[12,  9000] loss: 2.375
[12, 10000] loss: 2.379
[12, 11000] loss: 2.373
[12, 12000] loss: 2.379
[13,  1000] loss: 2.374
[13,  2000] loss: 2.367
[13,  3000] loss: 2.369
[13,  4000] loss: 2.377
[13,  5000] loss: 2.369
[13,  6000] loss: 2.376
[13,  7000] loss: 2.360
[13,  8000] loss: 2.370
[13,  9000] loss: 2.370
[13, 10000] loss: 2.368
[13, 11000] loss: 2.371
[13, 12000] loss: 2.383
[14,  1000] loss: 2.369
[14,  2000] loss: 2.367
[14,  3000] loss: 2.382
[14,  4000] loss: 2.378
[14,  5000] loss: 2.380
[14,  6000] loss: 2.370
[14,  7000] loss: 2.372
[14,  8000] loss: 2.375
[14,  9000] loss: 2.375
[14, 10000] loss: 2.363
[14, 11000] loss: 2.358
[14, 12000] loss: 2.377
[15,  1000] loss: 2.377
[15,  2000] loss: 2.374
[15,  3000] loss: 2.376
[15,  4000] loss: 2.375
[15,  5000] loss: 2.369
[15,  6000] loss: 2.379
[15,  7000] loss: 2.377
[15,  8000] loss: 2.368
[15,  9000] loss: 2.374
[15, 10000] loss: 2.377
[15, 11000] loss: 2.366
[15, 12000] loss: 2.375
[16,  1000] loss: 2.369
[16,  2000] loss: 2.369
[16,  3000] loss: 2.372
[16,  4000] loss: 2.365
[16,  5000] loss: 2.378
[16,  6000] loss: 2.380
[16,  7000] loss: 2.368
[16,  8000] loss: 2.374
[16,  9000] loss: 2.362
[16, 10000] loss: 2.373
[16, 11000] loss: 2.379
[16, 12000] loss: 2.373
[17,  1000] loss: 2.373
[17,  2000] loss: 2.364
[17,  3000] loss: 2.365
[17,  4000] loss: 2.370
[17,  5000] loss: 2.369
[17,  6000] loss: 2.374
[17,  7000] loss: 2.373
[17,  8000] loss: 2.367
[17,  9000] loss: 2.371
[17, 10000] loss: 2.381
[17, 11000] loss: 2.368
[17, 12000] loss: 2.376
[18,  1000] loss: 2.378
[18,  2000] loss: 2.381
[18,  3000] loss: 2.367
[18,  4000] loss: 2.369
[18,  5000] loss: 2.360
[18,  6000] loss: 2.369
[18,  7000] loss: 2.368
[18,  8000] loss: 2.376
[18,  9000] loss: 2.379
[18, 10000] loss: 2.379
[18, 11000] loss: 2.383
[18, 12000] loss: 2.378
[19,  1000] loss: 2.369
[19,  2000] loss: 2.371
[19,  3000] loss: 2.380
[19,  4000] loss: 2.367
[19,  5000] loss: 2.382
[19,  6000] loss: 2.373
[19,  7000] loss: 2.368
[19,  8000] loss: 2.365
[19,  9000] loss: 2.368
[19, 10000] loss: 2.385
[19, 11000] loss: 2.378
[19, 12000] loss: 2.365
[20,  1000] loss: 2.372
[20,  2000] loss: 2.379
[20,  3000] loss: 2.372
[20,  4000] loss: 2.369
[20,  5000] loss: 2.368
[20,  6000] loss: 2.367
[20,  7000] loss: 2.364
[20,  8000] loss: 2.372
[20,  9000] loss: 2.375
[20, 10000] loss: 2.384
[20, 11000] loss: 2.370
[20, 12000] loss: 2.371
[21,  1000] loss: 2.379
[21,  2000] loss: 2.377
[21,  3000] loss: 2.377
[21,  4000] loss: 2.372
[21,  5000] loss: 2.362
[21,  6000] loss: 2.371
[21,  7000] loss: 2.371
[21,  8000] loss: 2.377
[21,  9000] loss: 2.384
[21, 10000] loss: 2.379
[21, 11000] loss: 2.374
[21, 12000] loss: 2.363
[22,  1000] loss: 2.369
[22,  2000] loss: 2.366
[22,  3000] loss: 2.387
[22,  4000] loss: 2.368
[22,  5000] loss: 2.381
[22,  6000] loss: 2.362
[22,  7000] loss: 2.367
[22,  8000] loss: 2.372
[22,  9000] loss: 2.381
[22, 10000] loss: 2.365
[22, 11000] loss: 2.389
[22, 12000] loss: 2.357
[23,  1000] loss: 2.379
[23,  2000] loss: 2.374
[23,  3000] loss: 2.377
[23,  4000] loss: 2.364
[23,  5000] loss: 2.363
[23,  6000] loss: 2.362
[23,  7000] loss: 2.388
[23,  8000] loss: 2.372
[23,  9000] loss: 2.369
[23, 10000] loss: 2.385
[23, 11000] loss: 2.366
[23, 12000] loss: 2.378
[24,  1000] loss: 2.380
[24,  2000] loss: 2.374
[24,  3000] loss: 2.368
[24,  4000] loss: 2.377
[24,  5000] loss: 2.374
[24,  6000] loss: 2.378
[24,  7000] loss: 2.371
[24,  8000] loss: 2.372
[24,  9000] loss: 2.362
[24, 10000] loss: 2.365
[24, 11000] loss: 2.380
[24, 12000] loss: 2.380
[25,  1000] loss: 2.365
[25,  2000] loss: 2.377
[25,  3000] loss: 2.364
[25,  4000] loss: 2.377
[25,  5000] loss: 2.378
[25,  6000] loss: 2.370
[25,  7000] loss: 2.379
[25,  8000] loss: 2.377
[25,  9000] loss: 2.354
[25, 10000] loss: 2.375
[25, 11000] loss: 2.367
[25, 12000] loss: 2.369
[26,  1000] loss: 2.376
[26,  2000] loss: 2.369
[26,  3000] loss: 2.386
[26,  4000] loss: 2.367
[26,  5000] loss: 2.370
[26,  6000] loss: 2.374
[26,  7000] loss: 2.370
[26,  8000] loss: 2.358
[26,  9000] loss: 2.371
[26, 10000] loss: 2.367
[26, 11000] loss: 2.373
[26, 12000] loss: 2.374
[27,  1000] loss: 2.364
[27,  2000] loss: 2.363
[27,  3000] loss: 2.374
[27,  4000] loss: 2.368
[27,  5000] loss: 2.372
[27,  6000] loss: 2.365
[27,  7000] loss: 2.375
[27,  8000] loss: 2.371
[27,  9000] loss: 2.369
[27, 10000] loss: 2.376
[27, 11000] loss: 2.370
[27, 12000] loss: 2.371
[28,  1000] loss: 2.373
[28,  2000] loss: 2.371
[28,  3000] loss: 2.365
[28,  4000] loss: 2.381
[28,  5000] loss: 2.370
[28,  6000] loss: 2.370
[28,  7000] loss: 2.374
[28,  8000] loss: 2.366
[28,  9000] loss: 2.369
[28, 10000] loss: 2.370
[28, 11000] loss: 2.371
[28, 12000] loss: 2.378
[29,  1000] loss: 2.371
[29,  2000] loss: 2.368
[29,  3000] loss: 2.374
[29,  4000] loss: 2.379
[29,  5000] loss: 2.374
[29,  6000] loss: 2.371
[29,  7000] loss: 2.374
[29,  8000] loss: 2.370
[29,  9000] loss: 2.363
[29, 10000] loss: 2.375
[29, 11000] loss: 2.383
[29, 12000] loss: 2.375
[30,  1000] loss: 2.373
[30,  2000] loss: 2.373
[30,  3000] loss: 2.368
[30,  4000] loss: 2.372
[30,  5000] loss: 2.373
[30,  6000] loss: 2.371
[30,  7000] loss: 2.368
[30,  8000] loss: 2.375
[30,  9000] loss: 2.372
[30, 10000] loss: 2.377
[30, 11000] loss: 2.370
[30, 12000] loss: 2.357
[31,  1000] loss: 2.374
[31,  2000] loss: 2.375
[31,  3000] loss: 2.362
[31,  4000] loss: 2.374
[31,  5000] loss: 2.360
[31,  6000] loss: 2.377
[31,  7000] loss: 2.366
[31,  8000] loss: 2.373
[31,  9000] loss: 2.380
[31, 10000] loss: 2.365
[31, 11000] loss: 2.359
[31, 12000] loss: 2.375
[32,  1000] loss: 2.369
[32,  2000] loss: 2.373
[32,  3000] loss: 2.377
[32,  4000] loss: 2.373
[32,  5000] loss: 2.373
[32,  6000] loss: 2.377
[32,  7000] loss: 2.371
[32,  8000] loss: 2.367
[32,  9000] loss: 2.379
[32, 10000] loss: 2.370
[32, 11000] loss: 2.361
[32, 12000] loss: 2.381
[33,  1000] loss: 2.366
[33,  2000] loss: 2.364
[33,  3000] loss: 2.371
[33,  4000] loss: 2.370
[33,  5000] loss: 2.376
[33,  6000] loss: 2.368
[33,  7000] loss: 2.365
[33,  8000] loss: 2.375
[33,  9000] loss: 2.379
[33, 10000] loss: 2.376
[33, 11000] loss: 2.380
[33, 12000] loss: 2.374
[34,  1000] loss: 2.373
[34,  2000] loss: 2.369
[34,  3000] loss: 2.382
[34,  4000] loss: 2.386
[34,  5000] loss: 2.377
[34,  6000] loss: 2.363
[34,  7000] loss: 2.371
[34,  8000] loss: 2.372
[34,  9000] loss: 2.373
[34, 10000] loss: 2.372
[34, 11000] loss: 2.361
[34, 12000] loss: 2.368
[35,  1000] loss: 2.371
[35,  2000] loss: 2.374
[35,  3000] loss: 2.374
[35,  4000] loss: 2.368
[35,  5000] loss: 2.369
[35,  6000] loss: 2.376
[35,  7000] loss: 2.359
[35,  8000] loss: 2.379
[35,  9000] loss: 2.371
[35, 10000] loss: 2.371
[35, 11000] loss: 2.370
[35, 12000] loss: 2.376
[36,  1000] loss: 2.365
[36,  2000] loss: 2.373
[36,  3000] loss: 2.365
[36,  4000] loss: 2.374
[36,  5000] loss: 2.373
[36,  6000] loss: 2.371
[36,  7000] loss: 2.374
[36,  8000] loss: 2.379
[36,  9000] loss: 2.373
[36, 10000] loss: 2.368
[36, 11000] loss: 2.374
[36, 12000] loss: 2.371
[37,  1000] loss: 2.381
[37,  2000] loss: 2.375
[37,  3000] loss: 2.377
[37,  4000] loss: 2.370
[37,  5000] loss: 2.362
[37,  6000] loss: 2.377
[37,  7000] loss: 2.373
[37,  8000] loss: 2.372
[37,  9000] loss: 2.368
[37, 10000] loss: 2.384
[37, 11000] loss: 2.371
[37, 12000] loss: 2.373
[38,  1000] loss: 2.375
[38,  2000] loss: 2.374
[38,  3000] loss: 2.375
[38,  4000] loss: 2.365
[38,  5000] loss: 2.364
[38,  6000] loss: 2.370
[38,  7000] loss: 2.368
[38,  8000] loss: 2.370
[38,  9000] loss: 2.378
[38, 10000] loss: 2.374
[38, 11000] loss: 2.383
[38, 12000] loss: 2.359
[39,  1000] loss: 2.378
[39,  2000] loss: 2.369
[39,  3000] loss: 2.383
[39,  4000] loss: 2.373
[39,  5000] loss: 2.376
[39,  6000] loss: 2.377
[39,  7000] loss: 2.372
[39,  8000] loss: 2.360
[39,  9000] loss: 2.373
[39, 10000] loss: 2.377
[39, 11000] loss: 2.376
[39, 12000] loss: 2.383
[40,  1000] loss: 2.375
[40,  2000] loss: 2.369
[40,  3000] loss: 2.378
[40,  4000] loss: 2.369
[40,  5000] loss: 2.373
[40,  6000] loss: 2.367
[40,  7000] loss: 2.374
[40,  8000] loss: 2.376
[40,  9000] loss: 2.372
[40, 10000] loss: 2.375
[40, 11000] loss: 2.380
[40, 12000] loss: 2.375
[41,  1000] loss: 2.372
[41,  2000] loss: 2.367
[41,  3000] loss: 2.366
[41,  4000] loss: 2.370
[41,  5000] loss: 2.368
[41,  6000] loss: 2.373
[41,  7000] loss: 2.375
[41,  8000] loss: 2.367
[41,  9000] loss: 2.375
[41, 10000] loss: 2.362
[41, 11000] loss: 2.370
[41, 12000] loss: 2.372
[42,  1000] loss: 2.371
[42,  2000] loss: 2.371
[42,  3000] loss: 2.371
[42,  4000] loss: 2.361
[42,  5000] loss: 2.364
[42,  6000] loss: 2.375
[42,  7000] loss: 2.380
[42,  8000] loss: 2.369
[42,  9000] loss: 2.370
[42, 10000] loss: 2.370
[42, 11000] loss: 2.373
[42, 12000] loss: 2.371
[43,  1000] loss: 2.375
[43,  2000] loss: 2.375
[43,  3000] loss: 2.376
[43,  4000] loss: 2.373
[43,  5000] loss: 2.360
[43,  6000] loss: 2.374
[43,  7000] loss: 2.374
[43,  8000] loss: 2.369
[43,  9000] loss: 2.370
[43, 10000] loss: 2.368
[43, 11000] loss: 2.367
[43, 12000] loss: 2.369
[44,  1000] loss: 2.372
[44,  2000] loss: 2.358
[44,  3000] loss: 2.382
[44,  4000] loss: 2.378
[44,  5000] loss: 2.364
[44,  6000] loss: 2.375
[44,  7000] loss: 2.376
[44,  8000] loss: 2.371
[44,  9000] loss: 2.375
[44, 10000] loss: 2.367
[44, 11000] loss: 2.371
[44, 12000] loss: 2.372
[45,  1000] loss: 2.369
[45,  2000] loss: 2.374
[45,  3000] loss: 2.386
[45,  4000] loss: 2.368
[45,  5000] loss: 2.367
[45,  6000] loss: 2.365
[45,  7000] loss: 2.375
[45,  8000] loss: 2.374
[45,  9000] loss: 2.382
[45, 10000] loss: 2.382
[45, 11000] loss: 2.378
[45, 12000] loss: 2.374
[46,  1000] loss: 2.378
[46,  2000] loss: 2.369
[46,  3000] loss: 2.366
[46,  4000] loss: 2.371
[46,  5000] loss: 2.370
[46,  6000] loss: 2.379
[46,  7000] loss: 2.364
[46,  8000] loss: 2.362
[46,  9000] loss: 2.384
[46, 10000] loss: 2.369
[46, 11000] loss: 2.371
[46, 12000] loss: 2.372
[47,  1000] loss: 2.368
[47,  2000] loss: 2.372
[47,  3000] loss: 2.363
[47,  4000] loss: 2.375
[47,  5000] loss: 2.382
[47,  6000] loss: 2.367
[47,  7000] loss: 2.369
[47,  8000] loss: 2.371
[47,  9000] loss: 2.383
[47, 10000] loss: 2.382
[47, 11000] loss: 2.379
[47, 12000] loss: 2.362
[48,  1000] loss: 2.383
[48,  2000] loss: 2.369
[48,  3000] loss: 2.371
[48,  4000] loss: 2.370
[48,  5000] loss: 2.372
[48,  6000] loss: 2.367
[48,  7000] loss: 2.372
[48,  8000] loss: 2.370
[48,  9000] loss: 2.370
[48, 10000] loss: 2.367
[48, 11000] loss: 2.373
[48, 12000] loss: 2.371
[49,  1000] loss: 2.375
[49,  2000] loss: 2.369
[49,  3000] loss: 2.372
[49,  4000] loss: 2.371
[49,  5000] loss: 2.380
[49,  6000] loss: 2.375
[49,  7000] loss: 2.377
[49,  8000] loss: 2.374
[49,  9000] loss: 2.380
[49, 10000] loss: 2.376
[49, 11000] loss: 2.369
[49, 12000] loss: 2.366
[50,  1000] loss: 2.377
[50,  2000] loss: 2.360
[50,  3000] loss: 2.372
[50,  4000] loss: 2.368
[50,  5000] loss: 2.365
[50,  6000] loss: 2.372
[50,  7000] loss: 2.381
[50,  8000] loss: 2.373
[50,  9000] loss: 2.379
[50, 10000] loss: 2.379
[50, 11000] loss: 2.377
[50, 12000] loss: 2.362
[51,  1000] loss: 2.375
[51,  2000] loss: 2.377
[51,  3000] loss: 2.381
[51,  4000] loss: 2.364
[51,  5000] loss: 2.379
[51,  6000] loss: 2.378
[51,  7000] loss: 2.365
[51,  8000] loss: 2.370
[51,  9000] loss: 2.369
[51, 10000] loss: 2.377
[51, 11000] loss: 2.376
[51, 12000] loss: 2.368
[52,  1000] loss: 2.374
[52,  2000] loss: 2.372
[52,  3000] loss: 2.363
[52,  4000] loss: 2.378
[52,  5000] loss: 2.369
[52,  6000] loss: 2.375
[52,  7000] loss: 2.366
[52,  8000] loss: 2.375
[52,  9000] loss: 2.369
[52, 10000] loss: 2.377
[52, 11000] loss: 2.378
[52, 12000] loss: 2.371
[53,  1000] loss: 2.370
[53,  2000] loss: 2.384
[53,  3000] loss: 2.366
[53,  4000] loss: 2.371
[53,  5000] loss: 2.375
[53,  6000] loss: 2.371
[53,  7000] loss: 2.378
[53,  8000] loss: 2.367
[53,  9000] loss: 2.369
[53, 10000] loss: 2.372
[53, 11000] loss: 2.363
[53, 12000] loss: 2.372
[54,  1000] loss: 2.381
[54,  2000] loss: 2.377
[54,  3000] loss: 2.370
[54,  4000] loss: 2.374
[54,  5000] loss: 2.370
[54,  6000] loss: 2.368
[54,  7000] loss: 2.377
[54,  8000] loss: 2.369
[54,  9000] loss: 2.371
[54, 10000] loss: 2.375
[54, 11000] loss: 2.358
[54, 12000] loss: 2.376
[55,  1000] loss: 2.366
[55,  2000] loss: 2.362
[55,  3000] loss: 2.379
[55,  4000] loss: 2.378
[55,  5000] loss: 2.375
[55,  6000] loss: 2.372
[55,  7000] loss: 2.375
[55,  8000] loss: 2.370
[55,  9000] loss: 2.373
[55, 10000] loss: 2.366
[55, 11000] loss: 2.376
[55, 12000] loss: 2.375
[56,  1000] loss: 2.378
[56,  2000] loss: 2.376
[56,  3000] loss: 2.376
[56,  4000] loss: 2.371
[56,  5000] loss: 2.364
[56,  6000] loss: 2.379
[56,  7000] loss: 2.378
[56,  8000] loss: 2.372
[56,  9000] loss: 2.377
[56, 10000] loss: 2.379
[56, 11000] loss: 2.374
[56, 12000] loss: 2.374
[57,  1000] loss: 2.366
[57,  2000] loss: 2.370
[57,  3000] loss: 2.376
[57,  4000] loss: 2.375
[57,  5000] loss: 2.380
[57,  6000] loss: 2.371
[57,  7000] loss: 2.374
[57,  8000] loss: 2.368
[57,  9000] loss: 2.370
[57, 10000] loss: 2.374
[57, 11000] loss: 2.370
[57, 12000] loss: 2.378
[58,  1000] loss: 2.371
[58,  2000] loss: 2.377
[58,  3000] loss: 2.375
[58,  4000] loss: 2.379
[58,  5000] loss: 2.369
[58,  6000] loss: 2.370
[58,  7000] loss: 2.360
[58,  8000] loss: 2.354
[58,  9000] loss: 2.369
[58, 10000] loss: 2.368
[58, 11000] loss: 2.377
[58, 12000] loss: 2.372
[59,  1000] loss: 2.381
[59,  2000] loss: 2.374
[59,  3000] loss: 2.378
[59,  4000] loss: 2.378
[59,  5000] loss: 2.366
[59,  6000] loss: 2.373
[59,  7000] loss: 2.369
[59,  8000] loss: 2.373
[59,  9000] loss: 2.370
[59, 10000] loss: 2.379
[59, 11000] loss: 2.376
[59, 12000] loss: 2.375
[60,  1000] loss: 2.368
[60,  2000] loss: 2.383
[60,  3000] loss: 2.368
[60,  4000] loss: 2.366
[60,  5000] loss: 2.380
[60,  6000] loss: 2.372
[60,  7000] loss: 2.379
[60,  8000] loss: 2.374
[60,  9000] loss: 2.367
[60, 10000] loss: 2.370
[60, 11000] loss: 2.377
[60, 12000] loss: 2.375
[61,  1000] loss: 2.367
[61,  2000] loss: 2.369
[61,  3000] loss: 2.376
[61,  4000] loss: 2.377
[61,  5000] loss: 2.370
[61,  6000] loss: 2.370
[61,  7000] loss: 2.370
[61,  8000] loss: 2.378
[61,  9000] loss: 2.368
[61, 10000] loss: 2.367
[61, 11000] loss: 2.373
[61, 12000] loss: 2.373
[62,  1000] loss: 2.377
[62,  2000] loss: 2.375
[62,  3000] loss: 2.374
[62,  4000] loss: 2.381
[62,  5000] loss: 2.379
[62,  6000] loss: 2.377
[62,  7000] loss: 2.378
[62,  8000] loss: 2.373
[62,  9000] loss: 2.365
[62, 10000] loss: 2.368
[62, 11000] loss: 2.372
[62, 12000] loss: 2.381
[63,  1000] loss: 2.371
[63,  2000] loss: 2.369
[63,  3000] loss: 2.376
[63,  4000] loss: 2.376
[63,  5000] loss: 2.366
[63,  6000] loss: 2.378
[63,  7000] loss: 2.371
[63,  8000] loss: 2.372
[63,  9000] loss: 2.382
[63, 10000] loss: 2.370
[63, 11000] loss: 2.375
[63, 12000] loss: 2.376
[64,  1000] loss: 2.383
[64,  2000] loss: 2.372
[64,  3000] loss: 2.372
[64,  4000] loss: 2.376
[64,  5000] loss: 2.366
[64,  6000] loss: 2.374
[64,  7000] loss: 2.376
[64,  8000] loss: 2.371
[64,  9000] loss: 2.375
[64, 10000] loss: 2.371
[64, 11000] loss: 2.363
[64, 12000] loss: 2.369
[65,  1000] loss: 2.372
[65,  2000] loss: 2.375
[65,  3000] loss: 2.369
[65,  4000] loss: 2.376
[65,  5000] loss: 2.375
[65,  6000] loss: 2.377
[65,  7000] loss: 2.367
[65,  8000] loss: 2.379
[65,  9000] loss: 2.382
[65, 10000] loss: 2.370
[65, 11000] loss: 2.372
[65, 12000] loss: 2.376
[66,  1000] loss: 2.370
[66,  2000] loss: 2.385
[66,  3000] loss: 2.364
[66,  4000] loss: 2.372
[66,  5000] loss: 2.367
[66,  6000] loss: 2.366
[66,  7000] loss: 2.376
[66,  8000] loss: 2.375
[66,  9000] loss: 2.367
[66, 10000] loss: 2.380
[66, 11000] loss: 2.363
[66, 12000] loss: 2.369
[67,  1000] loss: 2.384
[67,  2000] loss: 2.375
[67,  3000] loss: 2.368
[67,  4000] loss: 2.375
[67,  5000] loss: 2.375
[67,  6000] loss: 2.370
[67,  7000] loss: 2.368
[67,  8000] loss: 2.368
[67,  9000] loss: 2.374
[67, 10000] loss: 2.374
[67, 11000] loss: 2.368
[67, 12000] loss: 2.380
[68,  1000] loss: 2.380
[68,  2000] loss: 2.368
[68,  3000] loss: 2.374
[68,  4000] loss: 2.375
[68,  5000] loss: 2.373
[68,  6000] loss: 2.373
[68,  7000] loss: 2.378
[68,  8000] loss: 2.369
[68,  9000] loss: 2.370
[68, 10000] loss: 2.375
[68, 11000] loss: 2.383
[68, 12000] loss: 2.383
[69,  1000] loss: 2.364
[69,  2000] loss: 2.371
[69,  3000] loss: 2.380
[69,  4000] loss: 2.372
[69,  5000] loss: 2.378
[69,  6000] loss: 2.364
[69,  7000] loss: 2.376
[69,  8000] loss: 2.376
[69,  9000] loss: 2.372
[69, 10000] loss: 2.373
[69, 11000] loss: 2.367
[69, 12000] loss: 2.369
[70,  1000] loss: 2.373
[70,  2000] loss: 2.367
[70,  3000] loss: 2.369
[70,  4000] loss: 2.365
[70,  5000] loss: 2.368
[70,  6000] loss: 2.378
[70,  7000] loss: 2.370
[70,  8000] loss: 2.369
[70,  9000] loss: 2.386
[70, 10000] loss: 2.372
[70, 11000] loss: 2.373
[70, 12000] loss: 2.379
[71,  1000] loss: 2.371
[71,  2000] loss: 2.378
[71,  3000] loss: 2.362
[71,  4000] loss: 2.373
[71,  5000] loss: 2.375
[71,  6000] loss: 2.376
[71,  7000] loss: 2.361
[71,  8000] loss: 2.372
[71,  9000] loss: 2.376
[71, 10000] loss: 2.383
[71, 11000] loss: 2.363
[71, 12000] loss: 2.379
[72,  1000] loss: 2.368
[72,  2000] loss: 2.369
[72,  3000] loss: 2.369
[72,  4000] loss: 2.375
[72,  5000] loss: 2.366
[72,  6000] loss: 2.377
[72,  7000] loss: 2.382
[72,  8000] loss: 2.367
[72,  9000] loss: 2.375
[72, 10000] loss: 2.366
[72, 11000] loss: 2.367
[72, 12000] loss: 2.371
[73,  1000] loss: 2.358
[73,  2000] loss: 2.368
[73,  3000] loss: 2.373
[73,  4000] loss: 2.377
[73,  5000] loss: 2.370
[73,  6000] loss: 2.364
[73,  7000] loss: 2.364
[73,  8000] loss: 2.370
[73,  9000] loss: 2.371
[73, 10000] loss: 2.376
[73, 11000] loss: 2.382
[73, 12000] loss: 2.372
[74,  1000] loss: 2.377
[74,  2000] loss: 2.381
[74,  3000] loss: 2.372
[74,  4000] loss: 2.374
[74,  5000] loss: 2.376
[74,  6000] loss: 2.376
[74,  7000] loss: 2.369
[74,  8000] loss: 2.375
[74,  9000] loss: 2.370
[74, 10000] loss: 2.367
[74, 11000] loss: 2.370
[74, 12000] loss: 2.363
[75,  1000] loss: 2.377
[75,  2000] loss: 2.365
[75,  3000] loss: 2.370
[75,  4000] loss: 2.374
[75,  5000] loss: 2.371
[75,  6000] loss: 2.380
[75,  7000] loss: 2.363
[75,  8000] loss: 2.374
[75,  9000] loss: 2.366
[75, 10000] loss: 2.376
[75, 11000] loss: 2.378
[75, 12000] loss: 2.371
[76,  1000] loss: 2.375
[76,  2000] loss: 2.375
[76,  3000] loss: 2.361
[76,  4000] loss: 2.363
[76,  5000] loss: 2.381
[76,  6000] loss: 2.374
[76,  7000] loss: 2.373
[76,  8000] loss: 2.376
[76,  9000] loss: 2.372
[76, 10000] loss: 2.370
[76, 11000] loss: 2.369
[76, 12000] loss: 2.371
[77,  1000] loss: 2.379
[77,  2000] loss: 2.372
[77,  3000] loss: 2.366
[77,  4000] loss: 2.373
[77,  5000] loss: 2.374
[77,  6000] loss: 2.368
[77,  7000] loss: 2.371
[77,  8000] loss: 2.378
[77,  9000] loss: 2.370
[77, 10000] loss: 2.369
[77, 11000] loss: 2.373
[77, 12000] loss: 2.372
[78,  1000] loss: 2.370
[78,  2000] loss: 2.378
[78,  3000] loss: 2.381
[78,  4000] loss: 2.378
[78,  5000] loss: 2.361
[78,  6000] loss: 2.364
[78,  7000] loss: 2.371
[78,  8000] loss: 2.366
[78,  9000] loss: 2.373
[78, 10000] loss: 2.375
[78, 11000] loss: 2.371
[78, 12000] loss: 2.373
[79,  1000] loss: 2.378
[79,  2000] loss: 2.370
[79,  3000] loss: 2.377
[79,  4000] loss: 2.376
[79,  5000] loss: 2.364
[79,  6000] loss: 2.375
[79,  7000] loss: 2.385
[79,  8000] loss: 2.369
[79,  9000] loss: 2.386
[79, 10000] loss: 2.372
[79, 11000] loss: 2.376
[79, 12000] loss: 2.376
[80,  1000] loss: 2.372
[80,  2000] loss: 2.383
[80,  3000] loss: 2.378
[80,  4000] loss: 2.375
[80,  5000] loss: 2.376
[80,  6000] loss: 2.366
[80,  7000] loss: 2.372
[80,  8000] loss: 2.367
[80,  9000] loss: 2.367
[80, 10000] loss: 2.370
[80, 11000] loss: 2.374
[80, 12000] loss: 2.362
[81,  1000] loss: 2.365
[81,  2000] loss: 2.369
[81,  3000] loss: 2.365
[81,  4000] loss: 2.372
[81,  5000] loss: 2.373
[81,  6000] loss: 2.369
[81,  7000] loss: 2.373
[81,  8000] loss: 2.367
[81,  9000] loss: 2.370
[81, 10000] loss: 2.374
[81, 11000] loss: 2.384
[81, 12000] loss: 2.373
[82,  1000] loss: 2.366
[82,  2000] loss: 2.376
[82,  3000] loss: 2.364
[82,  4000] loss: 2.376
[82,  5000] loss: 2.374
[82,  6000] loss: 2.376
[82,  7000] loss: 2.368
[82,  8000] loss: 2.371
[82,  9000] loss: 2.375
[82, 10000] loss: 2.372
[82, 11000] loss: 2.374
[82, 12000] loss: 2.374
[83,  1000] loss: 2.366
[83,  2000] loss: 2.374
[83,  3000] loss: 2.364
[83,  4000] loss: 2.372
[83,  5000] loss: 2.375
[83,  6000] loss: 2.378
[83,  7000] loss: 2.378
[83,  8000] loss: 2.370
[83,  9000] loss: 2.375
[83, 10000] loss: 2.374
[83, 11000] loss: 2.368
[83, 12000] loss: 2.376
[84,  1000] loss: 2.372
[84,  2000] loss: 2.369
[84,  3000] loss: 2.373
[84,  4000] loss: 2.383
[84,  5000] loss: 2.363
[84,  6000] loss: 2.376
[84,  7000] loss: 2.377
[84,  8000] loss: 2.367
[84,  9000] loss: 2.371
[84, 10000] loss: 2.370
[84, 11000] loss: 2.371
[84, 12000] loss: 2.370
[85,  1000] loss: 2.372
[85,  2000] loss: 2.358
[85,  3000] loss: 2.375
[85,  4000] loss: 2.374
[85,  5000] loss: 2.380
[85,  6000] loss: 2.373
[85,  7000] loss: 2.383
[85,  8000] loss: 2.374
[85,  9000] loss: 2.364
[85, 10000] loss: 2.372
[85, 11000] loss: 2.370
[85, 12000] loss: 2.373
[86,  1000] loss: 2.379
[86,  2000] loss: 2.381
[86,  3000] loss: 2.381
[86,  4000] loss: 2.370
[86,  5000] loss: 2.389
[86,  6000] loss: 2.364
[86,  7000] loss: 2.382
[86,  8000] loss: 2.375
[86,  9000] loss: 2.368
[86, 10000] loss: 2.362
[86, 11000] loss: 2.377
[86, 12000] loss: 2.364
[87,  1000] loss: 2.365
[87,  2000] loss: 2.369
[87,  3000] loss: 2.369
[87,  4000] loss: 2.373
[87,  5000] loss: 2.366
[87,  6000] loss: 2.374
[87,  7000] loss: 2.363
[87,  8000] loss: 2.367
[87,  9000] loss: 2.367
[87, 10000] loss: 2.374
[87, 11000] loss: 2.380
[87, 12000] loss: 2.368
[88,  1000] loss: 2.381
[88,  2000] loss: 2.373
[88,  3000] loss: 2.361
[88,  4000] loss: 2.366
[88,  5000] loss: 2.364
[88,  6000] loss: 2.369
[88,  7000] loss: 2.366
[88,  8000] loss: 2.367
[88,  9000] loss: 2.371
[88, 10000] loss: 2.358
[88, 11000] loss: 2.386
[88, 12000] loss: 2.380
[89,  1000] loss: 2.369
[89,  2000] loss: 2.366
[89,  3000] loss: 2.371
[89,  4000] loss: 2.376
[89,  5000] loss: 2.379
[89,  6000] loss: 2.369
[89,  7000] loss: 2.374
[89,  8000] loss: 2.378
[89,  9000] loss: 2.374
[89, 10000] loss: 2.371
[89, 11000] loss: 2.369
[89, 12000] loss: 2.387
[90,  1000] loss: 2.371
[90,  2000] loss: 2.367
[90,  3000] loss: 2.380
[90,  4000] loss: 2.367
[90,  5000] loss: 2.376
[90,  6000] loss: 2.366
[90,  7000] loss: 2.379
[90,  8000] loss: 2.381
[90,  9000] loss: 2.365
[90, 10000] loss: 2.350
[90, 11000] loss: 2.379
[90, 12000] loss: 2.380
[91,  1000] loss: 2.373
[91,  2000] loss: 2.383
[91,  3000] loss: 2.393
[91,  4000] loss: 2.366
[91,  5000] loss: 2.376
[91,  6000] loss: 2.374
[91,  7000] loss: 2.364
[91,  8000] loss: 2.377
[91,  9000] loss: 2.364
[91, 10000] loss: 2.364
[91, 11000] loss: 2.363
[91, 12000] loss: 2.370
[92,  1000] loss: 2.375
[92,  2000] loss: 2.370
[92,  3000] loss: 2.380
[92,  4000] loss: 2.371
[92,  5000] loss: 2.368
[92,  6000] loss: 2.364
[92,  7000] loss: 2.378
[92,  8000] loss: 2.372
[92,  9000] loss: 2.378
[92, 10000] loss: 2.371
[92, 11000] loss: 2.361
[92, 12000] loss: 2.371
[93,  1000] loss: 2.371
[93,  2000] loss: 2.375
[93,  3000] loss: 2.367
[93,  4000] loss: 2.378
[93,  5000] loss: 2.383
[93,  6000] loss: 2.371
[93,  7000] loss: 2.370
[93,  8000] loss: 2.371
[93,  9000] loss: 2.377
[93, 10000] loss: 2.371
[93, 11000] loss: 2.377
[93, 12000] loss: 2.368
[94,  1000] loss: 2.363
[94,  2000] loss: 2.370
[94,  3000] loss: 2.374
[94,  4000] loss: 2.376
[94,  5000] loss: 2.372
[94,  6000] loss: 2.385
[94,  7000] loss: 2.376
[94,  8000] loss: 2.372
[94,  9000] loss: 2.370
[94, 10000] loss: 2.377
[94, 11000] loss: 2.371
[94, 12000] loss: 2.370
[95,  1000] loss: 2.372
[95,  2000] loss: 2.371
[95,  3000] loss: 2.379
[95,  4000] loss: 2.373
[95,  5000] loss: 2.370
[95,  6000] loss: 2.377
[95,  7000] loss: 2.365
[95,  8000] loss: 2.370
[95,  9000] loss: 2.375
[95, 10000] loss: 2.369
[95, 11000] loss: 2.364
[95, 12000] loss: 2.372
[96,  1000] loss: 2.367
[96,  2000] loss: 2.373
[96,  3000] loss: 2.379
[96,  4000] loss: 2.376
[96,  5000] loss: 2.367
[96,  6000] loss: 2.370
[96,  7000] loss: 2.375
[96,  8000] loss: 2.374
[96,  9000] loss: 2.378
[96, 10000] loss: 2.372
[96, 11000] loss: 2.378
[96, 12000] loss: 2.369
[97,  1000] loss: 2.375
[97,  2000] loss: 2.377
[97,  3000] loss: 2.370
[97,  4000] loss: 2.367
[97,  5000] loss: 2.380
[97,  6000] loss: 2.365
[97,  7000] loss: 2.378
[97,  8000] loss: 2.374
[97,  9000] loss: 2.373
[97, 10000] loss: 2.364
[97, 11000] loss: 2.364
[97, 12000] loss: 2.371
[98,  1000] loss: 2.364
[98,  2000] loss: 2.374
[98,  3000] loss: 2.367
[98,  4000] loss: 2.369
[98,  5000] loss: 2.375
[98,  6000] loss: 2.373
[98,  7000] loss: 2.385
[98,  8000] loss: 2.372
[98,  9000] loss: 2.382
[98, 10000] loss: 2.376
[98, 11000] loss: 2.385
[98, 12000] loss: 2.368
[99,  1000] loss: 2.369
[99,  2000] loss: 2.380
[99,  3000] loss: 2.383
[99,  4000] loss: 2.377
[99,  5000] loss: 2.363
[99,  6000] loss: 2.375
[99,  7000] loss: 2.362
[99,  8000] loss: 2.366
[99,  9000] loss: 2.370
[99, 10000] loss: 2.368
[99, 11000] loss: 2.364
[99, 12000] loss: 2.369
[100,  1000] loss: 2.375
[100,  2000] loss: 2.367
[100,  3000] loss: 2.370
[100,  4000] loss: 2.369
[100,  5000] loss: 2.379
[100,  6000] loss: 2.374
[100,  7000] loss: 2.369
[100,  8000] loss: 2.362
[100,  9000] loss: 2.385
[100, 10000] loss: 2.362
[100, 11000] loss: 2.366
[100, 12000] loss: 2.365
[101,  1000] loss: 2.371
[101,  2000] loss: 2.375
[101,  3000] loss: 2.376
[101,  4000] loss: 2.381
[101,  5000] loss: 2.369
[101,  6000] loss: 2.375
[101,  7000] loss: 2.379
[101,  8000] loss: 2.382
[101,  9000] loss: 2.371
[101, 10000] loss: 2.366
[101, 11000] loss: 2.356
[101, 12000] loss: 2.372
[102,  1000] loss: 2.376
[102,  2000] loss: 2.367
[102,  3000] loss: 2.378
[102,  4000] loss: 2.374
[102,  5000] loss: 2.369
[102,  6000] loss: 2.375
[102,  7000] loss: 2.370
[102,  8000] loss: 2.366
[102,  9000] loss: 2.377
[102, 10000] loss: 2.366
[102, 11000] loss: 2.367
[102, 12000] loss: 2.372
[103,  1000] loss: 2.377
[103,  2000] loss: 2.376
[103,  3000] loss: 2.374
[103,  4000] loss: 2.376
[103,  5000] loss: 2.369
[103,  6000] loss: 2.381
[103,  7000] loss: 2.366
[103,  8000] loss: 2.371
[103,  9000] loss: 2.370
[103, 10000] loss: 2.373
[103, 11000] loss: 2.364
[103, 12000] loss: 2.367
[104,  1000] loss: 2.376
[104,  2000] loss: 2.375
[104,  3000] loss: 2.368
[104,  4000] loss: 2.367
[104,  5000] loss: 2.369
[104,  6000] loss: 2.372
[104,  7000] loss: 2.370
[104,  8000] loss: 2.376
[104,  9000] loss: 2.356
[104, 10000] loss: 2.367
[104, 11000] loss: 2.379
[104, 12000] loss: 2.369
[105,  1000] loss: 2.374
[105,  2000] loss: 2.356
[105,  3000] loss: 2.363
[105,  4000] loss: 2.367
[105,  5000] loss: 2.366
[105,  6000] loss: 2.373
[105,  7000] loss: 2.383
[105,  8000] loss: 2.377
[105,  9000] loss: 2.375
[105, 10000] loss: 2.379
[105, 11000] loss: 2.377
[105, 12000] loss: 2.392
[106,  1000] loss: 2.364
[106,  2000] loss: 2.368
[106,  3000] loss: 2.372
[106,  4000] loss: 2.372
[106,  5000] loss: 2.371
[106,  6000] loss: 2.367
[106,  7000] loss: 2.377
[106,  8000] loss: 2.366
[106,  9000] loss: 2.385
[106, 10000] loss: 2.379
[106, 11000] loss: 2.381
[106, 12000] loss: 2.378
[107,  1000] loss: 2.372
[107,  2000] loss: 2.366
[107,  3000] loss: 2.371
[107,  4000] loss: 2.371
[107,  5000] loss: 2.373
[107,  6000] loss: 2.377
[107,  7000] loss: 2.379
[107,  8000] loss: 2.370
[107,  9000] loss: 2.370
[107, 10000] loss: 2.359
[107, 11000] loss: 2.367
[107, 12000] loss: 2.367
[108,  1000] loss: 2.381
[108,  2000] loss: 2.369
[108,  3000] loss: 2.370
[108,  4000] loss: 2.375
[108,  5000] loss: 2.369
[108,  6000] loss: 2.373
[108,  7000] loss: 2.365
[108,  8000] loss: 2.368
[108,  9000] loss: 2.376
[108, 10000] loss: 2.359
[108, 11000] loss: 2.389
[108, 12000] loss: 2.381
[109,  1000] loss: 2.379
[109,  2000] loss: 2.376
[109,  3000] loss: 2.374
[109,  4000] loss: 2.380
[109,  5000] loss: 2.375
[109,  6000] loss: 2.364
[109,  7000] loss: 2.376
[109,  8000] loss: 2.373
[109,  9000] loss: 2.369
[109, 10000] loss: 2.368
[109, 11000] loss: 2.371
[109, 12000] loss: 2.383
[110,  1000] loss: 2.363
[110,  2000] loss: 2.373
[110,  3000] loss: 2.373
[110,  4000] loss: 2.380
[110,  5000] loss: 2.377
[110,  6000] loss: 2.380
[110,  7000] loss: 2.369
[110,  8000] loss: 2.376
[110,  9000] loss: 2.368
[110, 10000] loss: 2.378
[110, 11000] loss: 2.372
[110, 12000] loss: 2.372
[111,  1000] loss: 2.370
[111,  2000] loss: 2.361
[111,  3000] loss: 2.378
[111,  4000] loss: 2.377
[111,  5000] loss: 2.379
[111,  6000] loss: 2.366
[111,  7000] loss: 2.379
[111,  8000] loss: 2.369
[111,  9000] loss: 2.379
[111, 10000] loss: 2.367
[111, 11000] loss: 2.372
[111, 12000] loss: 2.367
[112,  1000] loss: 2.379
[112,  2000] loss: 2.378
[112,  3000] loss: 2.366
[112,  4000] loss: 2.368
[112,  5000] loss: 2.372
[112,  6000] loss: 2.372
[112,  7000] loss: 2.374
[112,  8000] loss: 2.367
[112,  9000] loss: 2.367
[112, 10000] loss: 2.377
[112, 11000] loss: 2.369
[112, 12000] loss: 2.379
[113,  1000] loss: 2.370
[113,  2000] loss: 2.380
[113,  3000] loss: 2.368
[113,  4000] loss: 2.363
[113,  5000] loss: 2.382
[113,  6000] loss: 2.363
[113,  7000] loss: 2.374
[113,  8000] loss: 2.368
[113,  9000] loss: 2.383
[113, 10000] loss: 2.370
[113, 11000] loss: 2.362
[113, 12000] loss: 2.367
[114,  1000] loss: 2.370
[114,  2000] loss: 2.368
[114,  3000] loss: 2.371
[114,  4000] loss: 2.377
[114,  5000] loss: 2.373
[114,  6000] loss: 2.372
[114,  7000] loss: 2.372
[114,  8000] loss: 2.371
[114,  9000] loss: 2.376
[114, 10000] loss: 2.368
[114, 11000] loss: 2.375
[114, 12000] loss: 2.373
[115,  1000] loss: 2.362
[115,  2000] loss: 2.376
[115,  3000] loss: 2.377
[115,  4000] loss: 2.363
[115,  5000] loss: 2.368
[115,  6000] loss: 2.372
[115,  7000] loss: 2.381
[115,  8000] loss: 2.368
[115,  9000] loss: 2.374
[115, 10000] loss: 2.372
[115, 11000] loss: 2.372
[115, 12000] loss: 2.372
[116,  1000] loss: 2.380
[116,  2000] loss: 2.369
[116,  3000] loss: 2.374
[116,  4000] loss: 2.372
[116,  5000] loss: 2.367
[116,  6000] loss: 2.361
[116,  7000] loss: 2.381
[116,  8000] loss: 2.379
[116,  9000] loss: 2.371
[116, 10000] loss: 2.360
[116, 11000] loss: 2.370
[116, 12000] loss: 2.378
[117,  1000] loss: 2.370
[117,  2000] loss: 2.372
[117,  3000] loss: 2.377
[117,  4000] loss: 2.370
[117,  5000] loss: 2.371
[117,  6000] loss: 2.381
[117,  7000] loss: 2.380
[117,  8000] loss: 2.365
[117,  9000] loss: 2.366
[117, 10000] loss: 2.368
[117, 11000] loss: 2.382
[117, 12000] loss: 2.370
[118,  1000] loss: 2.380
[118,  2000] loss: 2.366
[118,  3000] loss: 2.377
[118,  4000] loss: 2.378
[118,  5000] loss: 2.375
[118,  6000] loss: 2.383
[118,  7000] loss: 2.368
[118,  8000] loss: 2.373
[118,  9000] loss: 2.367
[118, 10000] loss: 2.371
[118, 11000] loss: 2.374
[118, 12000] loss: 2.365
[119,  1000] loss: 2.380
[119,  2000] loss: 2.378
[119,  3000] loss: 2.374
[119,  4000] loss: 2.362
[119,  5000] loss: 2.368
[119,  6000] loss: 2.372
[119,  7000] loss: 2.372
[119,  8000] loss: 2.373
[119,  9000] loss: 2.366
[119, 10000] loss: 2.385
[119, 11000] loss: 2.374
[119, 12000] loss: 2.372
[120,  1000] loss: 2.376
[120,  2000] loss: 2.376
[120,  3000] loss: 2.360
[120,  4000] loss: 2.373
[120,  5000] loss: 2.376
[120,  6000] loss: 2.366
[120,  7000] loss: 2.375
[120,  8000] loss: 2.383
[120,  9000] loss: 2.368
[120, 10000] loss: 2.385
[120, 11000] loss: 2.384
[120, 12000] loss: 2.360
[121,  1000] loss: 2.367
[121,  2000] loss: 2.380
[121,  3000] loss: 2.367
[121,  4000] loss: 2.372
[121,  5000] loss: 2.374
[121,  6000] loss: 2.365
[121,  7000] loss: 2.368
[121,  8000] loss: 2.379
[121,  9000] loss: 2.376
[121, 10000] loss: 2.375
[121, 11000] loss: 2.370
[121, 12000] loss: 2.371
[122,  1000] loss: 2.373
[122,  2000] loss: 2.375
[122,  3000] loss: 2.365
[122,  4000] loss: 2.377
[122,  5000] loss: 2.372
[122,  6000] loss: 2.364
[122,  7000] loss: 2.364
[122,  8000] loss: 2.373
[122,  9000] loss: 2.375
[122, 10000] loss: 2.382
[122, 11000] loss: 2.383
[122, 12000] loss: 2.387
[123,  1000] loss: 2.368
[123,  2000] loss: 2.370
[123,  3000] loss: 2.382
[123,  4000] loss: 2.374
[123,  5000] loss: 2.368
[123,  6000] loss: 2.376
[123,  7000] loss: 2.376
[123,  8000] loss: 2.369
[123,  9000] loss: 2.367
[123, 10000] loss: 2.376
[123, 11000] loss: 2.373
[123, 12000] loss: 2.374
[124,  1000] loss: 2.377
[124,  2000] loss: 2.375
[124,  3000] loss: 2.377
[124,  4000] loss: 2.376
[124,  5000] loss: 2.377
[124,  6000] loss: 2.369
[124,  7000] loss: 2.371
[124,  8000] loss: 2.366
[124,  9000] loss: 2.365
[124, 10000] loss: 2.381
[124, 11000] loss: 2.371
[124, 12000] loss: 2.368
[125,  1000] loss: 2.380
[125,  2000] loss: 2.368
[125,  3000] loss: 2.380
[125,  4000] loss: 2.378
[125,  5000] loss: 2.369
[125,  6000] loss: 2.368
[125,  7000] loss: 2.370
[125,  8000] loss: 2.375
[125,  9000] loss: 2.377
[125, 10000] loss: 2.369
[125, 11000] loss: 2.368
[125, 12000] loss: 2.366
[126,  1000] loss: 2.370
[126,  2000] loss: 2.371
[126,  3000] loss: 2.375
[126,  4000] loss: 2.376
[126,  5000] loss: 2.360
[126,  6000] loss: 2.370
[126,  7000] loss: 2.374
[126,  8000] loss: 2.369
[126,  9000] loss: 2.373
[126, 10000] loss: 2.390
[126, 11000] loss: 2.372
[126, 12000] loss: 2.372
[127,  1000] loss: 2.372
[127,  2000] loss: 2.385
[127,  3000] loss: 2.376
[127,  4000] loss: 2.372
[127,  5000] loss: 2.374
[127,  6000] loss: 2.369
[127,  7000] loss: 2.360
[127,  8000] loss: 2.373
[127,  9000] loss: 2.365
[127, 10000] loss: 2.366
[127, 11000] loss: 2.377
[127, 12000] loss: 2.370
[128,  1000] loss: 2.374
[128,  2000] loss: 2.376
[128,  3000] loss: 2.371
[128,  4000] loss: 2.373
[128,  5000] loss: 2.371
[128,  6000] loss: 2.380
[128,  7000] loss: 2.375
[128,  8000] loss: 2.384
[128,  9000] loss: 2.362
[128, 10000] loss: 2.375
[128, 11000] loss: 2.373
[128, 12000] loss: 2.374
[129,  1000] loss: 2.375
[129,  2000] loss: 2.379
[129,  3000] loss: 2.375
[129,  4000] loss: 2.373
[129,  5000] loss: 2.367
[129,  6000] loss: 2.369
[129,  7000] loss: 2.363
[129,  8000] loss: 2.382
[129,  9000] loss: 2.359
[129, 10000] loss: 2.381
[129, 11000] loss: 2.369
[129, 12000] loss: 2.365
[130,  1000] loss: 2.365
[130,  2000] loss: 2.371
[130,  3000] loss: 2.387
[130,  4000] loss: 2.377
[130,  5000] loss: 2.380
[130,  6000] loss: 2.375
[130,  7000] loss: 2.373
[130,  8000] loss: 2.372
[130,  9000] loss: 2.375
[130, 10000] loss: 2.369
[130, 11000] loss: 2.375
[130, 12000] loss: 2.366
[131,  1000] loss: 2.373
[131,  2000] loss: 2.367
[131,  3000] loss: 2.381
[131,  4000] loss: 2.371
[131,  5000] loss: 2.363
[131,  6000] loss: 2.370
[131,  7000] loss: 2.370
[131,  8000] loss: 2.368
[131,  9000] loss: 2.379
[131, 10000] loss: 2.384
[131, 11000] loss: 2.367
[131, 12000] loss: 2.370
[132,  1000] loss: 2.372
[132,  2000] loss: 2.370
[132,  3000] loss: 2.381
[132,  4000] loss: 2.369
[132,  5000] loss: 2.379
[132,  6000] loss: 2.369
[132,  7000] loss: 2.380
[132,  8000] loss: 2.375
[132,  9000] loss: 2.370
[132, 10000] loss: 2.370
[132, 11000] loss: 2.384
[132, 12000] loss: 2.371
[133,  1000] loss: 2.358
[133,  2000] loss: 2.369
[133,  3000] loss: 2.377
[133,  4000] loss: 2.375
[133,  5000] loss: 2.374
[133,  6000] loss: 2.369
[133,  7000] loss: 2.378
[133,  8000] loss: 2.366
[133,  9000] loss: 2.375
[133, 10000] loss: 2.372
[133, 11000] loss: 2.373
[133, 12000] loss: 2.380
[134,  1000] loss: 2.367
[134,  2000] loss: 2.373
[134,  3000] loss: 2.383
[134,  4000] loss: 2.365
[134,  5000] loss: 2.380
[134,  6000] loss: 2.374
[134,  7000] loss: 2.380
[134,  8000] loss: 2.376
[134,  9000] loss: 2.375
[134, 10000] loss: 2.368
[134, 11000] loss: 2.382
[134, 12000] loss: 2.373
[135,  1000] loss: 2.373
[135,  2000] loss: 2.373
[135,  3000] loss: 2.373
[135,  4000] loss: 2.380
[135,  5000] loss: 2.375
[135,  6000] loss: 2.372
[135,  7000] loss: 2.369
[135,  8000] loss: 2.374
[135,  9000] loss: 2.366
[135, 10000] loss: 2.360
[135, 11000] loss: 2.374
[135, 12000] loss: 2.378
[136,  1000] loss: 2.382
[136,  2000] loss: 2.370
[136,  3000] loss: 2.373
[136,  4000] loss: 2.366
[136,  5000] loss: 2.380
[136,  6000] loss: 2.367
[136,  7000] loss: 2.374
[136,  8000] loss: 2.374
[136,  9000] loss: 2.370
[136, 10000] loss: 2.376
[136, 11000] loss: 2.378
[136, 12000] loss: 2.374
[137,  1000] loss: 2.365
[137,  2000] loss: 2.372
[137,  3000] loss: 2.370
[137,  4000] loss: 2.373
[137,  5000] loss: 2.374
[137,  6000] loss: 2.380
[137,  7000] loss: 2.371
[137,  8000] loss: 2.374
[137,  9000] loss: 2.379
[137, 10000] loss: 2.363
[137, 11000] loss: 2.369
[137, 12000] loss: 2.373
[138,  1000] loss: 2.365
[138,  2000] loss: 2.370
[138,  3000] loss: 2.371
[138,  4000] loss: 2.370
[138,  5000] loss: 2.379
[138,  6000] loss: 2.367
[138,  7000] loss: 2.372
[138,  8000] loss: 2.375
[138,  9000] loss: 2.373
[138, 10000] loss: 2.376
[138, 11000] loss: 2.381
[138, 12000] loss: 2.366
[139,  1000] loss: 2.369
[139,  2000] loss: 2.374
[139,  3000] loss: 2.375
[139,  4000] loss: 2.376
[139,  5000] loss: 2.374
[139,  6000] loss: 2.384
[139,  7000] loss: 2.377
[139,  8000] loss: 2.372
[139,  9000] loss: 2.369
[139, 10000] loss: 2.365
[139, 11000] loss: 2.382
[139, 12000] loss: 2.370
[140,  1000] loss: 2.379
[140,  2000] loss: 2.388
[140,  3000] loss: 2.366
[140,  4000] loss: 2.376
[140,  5000] loss: 2.372
[140,  6000] loss: 2.361
[140,  7000] loss: 2.367
[140,  8000] loss: 2.373
[140,  9000] loss: 2.372
[140, 10000] loss: 2.372
[140, 11000] loss: 2.371
[140, 12000] loss: 2.363
[141,  1000] loss: 2.374
[141,  2000] loss: 2.376
[141,  3000] loss: 2.370
[141,  4000] loss: 2.377
[141,  5000] loss: 2.385
[141,  6000] loss: 2.366
[141,  7000] loss: 2.371
[141,  8000] loss: 2.379
[141,  9000] loss: 2.368
[141, 10000] loss: 2.362
[141, 11000] loss: 2.361
[141, 12000] loss: 2.371
[142,  1000] loss: 2.365
[142,  2000] loss: 2.371
[142,  3000] loss: 2.368
[142,  4000] loss: 2.375
[142,  5000] loss: 2.379
[142,  6000] loss: 2.371
[142,  7000] loss: 2.365
[142,  8000] loss: 2.384
[142,  9000] loss: 2.375
[142, 10000] loss: 2.363
[142, 11000] loss: 2.372
[142, 12000] loss: 2.389
[143,  1000] loss: 2.374
[143,  2000] loss: 2.379
[143,  3000] loss: 2.357
[143,  4000] loss: 2.375
[143,  5000] loss: 2.360
[143,  6000] loss: 2.364
[143,  7000] loss: 2.375
[143,  8000] loss: 2.374
[143,  9000] loss: 2.378
[143, 10000] loss: 2.374
[143, 11000] loss: 2.384
[143, 12000] loss: 2.374
[144,  1000] loss: 2.376
[144,  2000] loss: 2.374
[144,  3000] loss: 2.367
[144,  4000] loss: 2.372
[144,  5000] loss: 2.367
[144,  6000] loss: 2.374
[144,  7000] loss: 2.371
[144,  8000] loss: 2.365
[144,  9000] loss: 2.373
[144, 10000] loss: 2.374
[144, 11000] loss: 2.377
[144, 12000] loss: 2.369
[145,  1000] loss: 2.375
[145,  2000] loss: 2.371
[145,  3000] loss: 2.364
[145,  4000] loss: 2.377
[145,  5000] loss: 2.362
[145,  6000] loss: 2.371
[145,  7000] loss: 2.374
[145,  8000] loss: 2.374
[145,  9000] loss: 2.369
[145, 10000] loss: 2.387
[145, 11000] loss: 2.378
[145, 12000] loss: 2.381
[146,  1000] loss: 2.370
[146,  2000] loss: 2.375
[146,  3000] loss: 2.359
[146,  4000] loss: 2.380
[146,  5000] loss: 2.375
[146,  6000] loss: 2.380
[146,  7000] loss: 2.371
[146,  8000] loss: 2.371
[146,  9000] loss: 2.373
[146, 10000] loss: 2.371
[146, 11000] loss: 2.379
[146, 12000] loss: 2.381
[147,  1000] loss: 2.369
[147,  2000] loss: 2.380
[147,  3000] loss: 2.372
[147,  4000] loss: 2.373
[147,  5000] loss: 2.382
[147,  6000] loss: 2.369
[147,  7000] loss: 2.376
[147,  8000] loss: 2.379
[147,  9000] loss: 2.370
[147, 10000] loss: 2.382
[147, 11000] loss: 2.371
[147, 12000] loss: 2.381
[148,  1000] loss: 2.377
[148,  2000] loss: 2.380
[148,  3000] loss: 2.379
[148,  4000] loss: 2.376
[148,  5000] loss: 2.369
[148,  6000] loss: 2.367
[148,  7000] loss: 2.374
[148,  8000] loss: 2.364
[148,  9000] loss: 2.363
[148, 10000] loss: 2.370
[148, 11000] loss: 2.368
[148, 12000] loss: 2.374
[149,  1000] loss: 2.370
[149,  2000] loss: 2.371
[149,  3000] loss: 2.380
[149,  4000] loss: 2.368
[149,  5000] loss: 2.367
[149,  6000] loss: 2.362
[149,  7000] loss: 2.374
[149,  8000] loss: 2.381
[149,  9000] loss: 2.359
[149, 10000] loss: 2.367
[149, 11000] loss: 2.378
[149, 12000] loss: 2.381
[150,  1000] loss: 2.367
[150,  2000] loss: 2.367
[150,  3000] loss: 2.382
[150,  4000] loss: 2.371
[150,  5000] loss: 2.373
[150,  6000] loss: 2.366
[150,  7000] loss: 2.369
[150,  8000] loss: 2.372
[150,  9000] loss: 2.377
[150, 10000] loss: 2.370
[150, 11000] loss: 2.372
[150, 12000] loss: 2.364
[151,  1000] loss: 2.361
[151,  2000] loss: 2.363
[151,  3000] loss: 2.377
[151,  4000] loss: 2.368
[151,  5000] loss: 2.377
[151,  6000] loss: 2.368
[151,  7000] loss: 2.377
[151,  8000] loss: 2.374
[151,  9000] loss: 2.375
[151, 10000] loss: 2.379
[151, 11000] loss: 2.379
[151, 12000] loss: 2.366
[152,  1000] loss: 2.369
[152,  2000] loss: 2.365
[152,  3000] loss: 2.365
[152,  4000] loss: 2.374
[152,  5000] loss: 2.368
[152,  6000] loss: 2.379
[152,  7000] loss: 2.376
[152,  8000] loss: 2.376
[152,  9000] loss: 2.375
[152, 10000] loss: 2.382
[152, 11000] loss: 2.373
[152, 12000] loss: 2.366
[153,  1000] loss: 2.381
[153,  2000] loss: 2.369
[153,  3000] loss: 2.368
[153,  4000] loss: 2.377
[153,  5000] loss: 2.374
[153,  6000] loss: 2.367
[153,  7000] loss: 2.369
[153,  8000] loss: 2.366
[153,  9000] loss: 2.374
[153, 10000] loss: 2.376
[153, 11000] loss: 2.376
[153, 12000] loss: 2.366
[154,  1000] loss: 2.371
[154,  2000] loss: 2.372
[154,  3000] loss: 2.371
[154,  4000] loss: 2.378
[154,  5000] loss: 2.366
[154,  6000] loss: 2.381
[154,  7000] loss: 2.373
[154,  8000] loss: 2.368
[154,  9000] loss: 2.376
[154, 10000] loss: 2.372
[154, 11000] loss: 2.374
[154, 12000] loss: 2.370
[155,  1000] loss: 2.371
[155,  2000] loss: 2.371
[155,  3000] loss: 2.374
[155,  4000] loss: 2.383
[155,  5000] loss: 2.374
[155,  6000] loss: 2.367
[155,  7000] loss: 2.367
[155,  8000] loss: 2.361
[155,  9000] loss: 2.373
[155, 10000] loss: 2.367
[155, 11000] loss: 2.361
[155, 12000] loss: 2.380
[156,  1000] loss: 2.367
[156,  2000] loss: 2.380
[156,  3000] loss: 2.364
[156,  4000] loss: 2.378
[156,  5000] loss: 2.366
[156,  6000] loss: 2.372
[156,  7000] loss: 2.377
[156,  8000] loss: 2.366
[156,  9000] loss: 2.377
[156, 10000] loss: 2.369
[156, 11000] loss: 2.376
[156, 12000] loss: 2.375
[157,  1000] loss: 2.371
[157,  2000] loss: 2.370
[157,  3000] loss: 2.370
[157,  4000] loss: 2.372
[157,  5000] loss: 2.365
[157,  6000] loss: 2.375
[157,  7000] loss: 2.373
[157,  8000] loss: 2.381
[157,  9000] loss: 2.384
[157, 10000] loss: 2.376
[157, 11000] loss: 2.362
[157, 12000] loss: 2.373
[158,  1000] loss: 2.374
[158,  2000] loss: 2.371
[158,  3000] loss: 2.373
[158,  4000] loss: 2.369
[158,  5000] loss: 2.374
[158,  6000] loss: 2.367
[158,  7000] loss: 2.377
[158,  8000] loss: 2.365
[158,  9000] loss: 2.374
[158, 10000] loss: 2.373
[158, 11000] loss: 2.377
[158, 12000] loss: 2.375
[159,  1000] loss: 2.374
[159,  2000] loss: 2.377
[159,  3000] loss: 2.368
[159,  4000] loss: 2.373
[159,  5000] loss: 2.371
[159,  6000] loss: 2.370
[159,  7000] loss: 2.372
[159,  8000] loss: 2.380
[159,  9000] loss: 2.370
[159, 10000] loss: 2.371
[159, 11000] loss: 2.382
[159, 12000] loss: 2.359
[160,  1000] loss: 2.375
[160,  2000] loss: 2.368
[160,  3000] loss: 2.368
[160,  4000] loss: 2.378
[160,  5000] loss: 2.373
[160,  6000] loss: 2.379
[160,  7000] loss: 2.369
[160,  8000] loss: 2.365
[160,  9000] loss: 2.373
[160, 10000] loss: 2.363
[160, 11000] loss: 2.375
[160, 12000] loss: 2.377
[161,  1000] loss: 2.375
[161,  2000] loss: 2.381
[161,  3000] loss: 2.371
[161,  4000] loss: 2.381
[161,  5000] loss: 2.362
[161,  6000] loss: 2.377
[161,  7000] loss: 2.385
[161,  8000] loss: 2.368
[161,  9000] loss: 2.367
[161, 10000] loss: 2.382
[161, 11000] loss: 2.365
[161, 12000] loss: 2.377
[162,  1000] loss: 2.369
[162,  2000] loss: 2.375
[162,  3000] loss: 2.376
[162,  4000] loss: 2.369
[162,  5000] loss: 2.386
[162,  6000] loss: 2.373
[162,  7000] loss: 2.370
[162,  8000] loss: 2.370
[162,  9000] loss: 2.369
[162, 10000] loss: 2.366
[162, 11000] loss: 2.383
[162, 12000] loss: 2.364
[163,  1000] loss: 2.365
[163,  2000] loss: 2.375
[163,  3000] loss: 2.370
[163,  4000] loss: 2.383
[163,  5000] loss: 2.370
[163,  6000] loss: 2.378
[163,  7000] loss: 2.371
[163,  8000] loss: 2.363
[163,  9000] loss: 2.377
[163, 10000] loss: 2.382
[163, 11000] loss: 2.368
[163, 12000] loss: 2.374
[164,  1000] loss: 2.374
[164,  2000] loss: 2.375
[164,  3000] loss: 2.365
[164,  4000] loss: 2.379
[164,  5000] loss: 2.368
[164,  6000] loss: 2.378
[164,  7000] loss: 2.376
[164,  8000] loss: 2.363
[164,  9000] loss: 2.367
[164, 10000] loss: 2.369
[164, 11000] loss: 2.378
[164, 12000] loss: 2.366
[165,  1000] loss: 2.371
[165,  2000] loss: 2.374
[165,  3000] loss: 2.377
[165,  4000] loss: 2.381
[165,  5000] loss: 2.372
[165,  6000] loss: 2.376
[165,  7000] loss: 2.370
[165,  8000] loss: 2.367
[165,  9000] loss: 2.364
[165, 10000] loss: 2.375
[165, 11000] loss: 2.383
[165, 12000] loss: 2.363
[166,  1000] loss: 2.373
[166,  2000] loss: 2.374
[166,  3000] loss: 2.374
[166,  4000] loss: 2.368
[166,  5000] loss: 2.372
[166,  6000] loss: 2.382
[166,  7000] loss: 2.362
[166,  8000] loss: 2.370
[166,  9000] loss: 2.385
[166, 10000] loss: 2.372
[166, 11000] loss: 2.379
[166, 12000] loss: 2.377
[167,  1000] loss: 2.375
[167,  2000] loss: 2.371
[167,  3000] loss: 2.370
[167,  4000] loss: 2.372
[167,  5000] loss: 2.369
[167,  6000] loss: 2.373
[167,  7000] loss: 2.368
[167,  8000] loss: 2.366
[167,  9000] loss: 2.375
[167, 10000] loss: 2.375
[167, 11000] loss: 2.375
[167, 12000] loss: 2.374
[168,  1000] loss: 2.378
[168,  2000] loss: 2.380
[168,  3000] loss: 2.378
[168,  4000] loss: 2.364
[168,  5000] loss: 2.372
[168,  6000] loss: 2.365
[168,  7000] loss: 2.371
[168,  8000] loss: 2.372
[168,  9000] loss: 2.372
[168, 10000] loss: 2.382
[168, 11000] loss: 2.376
[168, 12000] loss: 2.368
[169,  1000] loss: 2.369
[169,  2000] loss: 2.382
[169,  3000] loss: 2.372
[169,  4000] loss: 2.375
[169,  5000] loss: 2.377
[169,  6000] loss: 2.371
[169,  7000] loss: 2.383
[169,  8000] loss: 2.364
[169,  9000] loss: 2.372
[169, 10000] loss: 2.371
[169, 11000] loss: 2.366
[169, 12000] loss: 2.379
[170,  1000] loss: 2.368
[170,  2000] loss: 2.373
[170,  3000] loss: 2.367
[170,  4000] loss: 2.377
[170,  5000] loss: 2.371
[170,  6000] loss: 2.376
[170,  7000] loss: 2.367
[170,  8000] loss: 2.375
[170,  9000] loss: 2.364
[170, 10000] loss: 2.376
[170, 11000] loss: 2.366
[170, 12000] loss: 2.372
[171,  1000] loss: 2.368
[171,  2000] loss: 2.376
[171,  3000] loss: 2.368
[171,  4000] loss: 2.365
[171,  5000] loss: 2.377
[171,  6000] loss: 2.377
[171,  7000] loss: 2.366
[171,  8000] loss: 2.375
[171,  9000] loss: 2.370
[171, 10000] loss: 2.371
[171, 11000] loss: 2.366
[171, 12000] loss: 2.374
[172,  1000] loss: 2.377
[172,  2000] loss: 2.360
[172,  3000] loss: 2.363
[172,  4000] loss: 2.372
[172,  5000] loss: 2.362
[172,  6000] loss: 2.383
[172,  7000] loss: 2.382
[172,  8000] loss: 2.377
[172,  9000] loss: 2.372
[172, 10000] loss: 2.386
[172, 11000] loss: 2.368
[172, 12000] loss: 2.371
[173,  1000] loss: 2.375
[173,  2000] loss: 2.372
[173,  3000] loss: 2.377
[173,  4000] loss: 2.381
[173,  5000] loss: 2.369
[173,  6000] loss: 2.376
[173,  7000] loss: 2.366
[173,  8000] loss: 2.374
[173,  9000] loss: 2.380
[173, 10000] loss: 2.365
[173, 11000] loss: 2.374
[173, 12000] loss: 2.372
[174,  1000] loss: 2.376
[174,  2000] loss: 2.365
[174,  3000] loss: 2.369
[174,  4000] loss: 2.373
[174,  5000] loss: 2.376
[174,  6000] loss: 2.373
[174,  7000] loss: 2.366
[174,  8000] loss: 2.372
[174,  9000] loss: 2.382
[174, 10000] loss: 2.364
[174, 11000] loss: 2.376
[174, 12000] loss: 2.375
[175,  1000] loss: 2.371
[175,  2000] loss: 2.368
[175,  3000] loss: 2.389
[175,  4000] loss: 2.366
[175,  5000] loss: 2.379
[175,  6000] loss: 2.372
[175,  7000] loss: 2.374
[175,  8000] loss: 2.370
[175,  9000] loss: 2.380
[175, 10000] loss: 2.375
[175, 11000] loss: 2.361
[175, 12000] loss: 2.359
[176,  1000] loss: 2.375
[176,  2000] loss: 2.366
[176,  3000] loss: 2.383
[176,  4000] loss: 2.375
[176,  5000] loss: 2.375
[176,  6000] loss: 2.374
[176,  7000] loss: 2.372
[176,  8000] loss: 2.366
[176,  9000] loss: 2.368
[176, 10000] loss: 2.363
[176, 11000] loss: 2.377
[176, 12000] loss: 2.379
[177,  1000] loss: 2.373
[177,  2000] loss: 2.379
[177,  3000] loss: 2.376
[177,  4000] loss: 2.364
[177,  5000] loss: 2.376
[177,  6000] loss: 2.374
[177,  7000] loss: 2.369
[177,  8000] loss: 2.368
[177,  9000] loss: 2.374
[177, 10000] loss: 2.372
[177, 11000] loss: 2.367
[177, 12000] loss: 2.373
[178,  1000] loss: 2.374
[178,  2000] loss: 2.371
[178,  3000] loss: 2.362
[178,  4000] loss: 2.377
[178,  5000] loss: 2.371
[178,  6000] loss: 2.379
[178,  7000] loss: 2.364
[178,  8000] loss: 2.378
[178,  9000] loss: 2.371
[178, 10000] loss: 2.367
[178, 11000] loss: 2.373
[178, 12000] loss: 2.368
[179,  1000] loss: 2.371
[179,  2000] loss: 2.362
[179,  3000] loss: 2.371
[179,  4000] loss: 2.372
[179,  5000] loss: 2.373
[179,  6000] loss: 2.375
[179,  7000] loss: 2.364
[179,  8000] loss: 2.383
[179,  9000] loss: 2.372
[179, 10000] loss: 2.381
[179, 11000] loss: 2.374
[179, 12000] loss: 2.366
[180,  1000] loss: 2.377
[180,  2000] loss: 2.376
[180,  3000] loss: 2.379
[180,  4000] loss: 2.373
[180,  5000] loss: 2.359
[180,  6000] loss: 2.370
[180,  7000] loss: 2.376
[180,  8000] loss: 2.369
[180,  9000] loss: 2.372
[180, 10000] loss: 2.386
[180, 11000] loss: 2.368
[180, 12000] loss: 2.365
[181,  1000] loss: 2.379
[181,  2000] loss: 2.374
[181,  3000] loss: 2.366
[181,  4000] loss: 2.368
[181,  5000] loss: 2.374
[181,  6000] loss: 2.379
[181,  7000] loss: 2.370
[181,  8000] loss: 2.382
[181,  9000] loss: 2.364
[181, 10000] loss: 2.377
[181, 11000] loss: 2.373
[181, 12000] loss: 2.370
[182,  1000] loss: 2.375
[182,  2000] loss: 2.375
[182,  3000] loss: 2.371
[182,  4000] loss: 2.372
[182,  5000] loss: 2.371
[182,  6000] loss: 2.368
[182,  7000] loss: 2.382
[182,  8000] loss: 2.373
[182,  9000] loss: 2.366
[182, 10000] loss: 2.375
[182, 11000] loss: 2.364
[182, 12000] loss: 2.390
[183,  1000] loss: 2.368
[183,  2000] loss: 2.368
[183,  3000] loss: 2.383
[183,  4000] loss: 2.377
[183,  5000] loss: 2.367
[183,  6000] loss: 2.374
[183,  7000] loss: 2.366
[183,  8000] loss: 2.375
[183,  9000] loss: 2.359
[183, 10000] loss: 2.371
[183, 11000] loss: 2.372
[183, 12000] loss: 2.366
[184,  1000] loss: 2.377
[184,  2000] loss: 2.377
[184,  3000] loss: 2.387
[184,  4000] loss: 2.384
[184,  5000] loss: 2.360
[184,  6000] loss: 2.372
[184,  7000] loss: 2.374
[184,  8000] loss: 2.368
[184,  9000] loss: 2.364
[184, 10000] loss: 2.381
[184, 11000] loss: 2.361
[184, 12000] loss: 2.374
[185,  1000] loss: 2.375
[185,  2000] loss: 2.365
[185,  3000] loss: 2.381
[185,  4000] loss: 2.375
[185,  5000] loss: 2.370
[185,  6000] loss: 2.381
[185,  7000] loss: 2.380
[185,  8000] loss: 2.362
[185,  9000] loss: 2.370
[185, 10000] loss: 2.375
[185, 11000] loss: 2.376
[185, 12000] loss: 2.379
[186,  1000] loss: 2.365
[186,  2000] loss: 2.373
[186,  3000] loss: 2.372
[186,  4000] loss: 2.374
[186,  5000] loss: 2.371
[186,  6000] loss: 2.369
[186,  7000] loss: 2.371
[186,  8000] loss: 2.386
[186,  9000] loss: 2.372
[186, 10000] loss: 2.371
[186, 11000] loss: 2.367
[186, 12000] loss: 2.366
[187,  1000] loss: 2.369
[187,  2000] loss: 2.365
[187,  3000] loss: 2.365
[187,  4000] loss: 2.369
[187,  5000] loss: 2.368
[187,  6000] loss: 2.374
[187,  7000] loss: 2.388
[187,  8000] loss: 2.366
[187,  9000] loss: 2.372
[187, 10000] loss: 2.374
[187, 11000] loss: 2.371
[187, 12000] loss: 2.366
[188,  1000] loss: 2.375
[188,  2000] loss: 2.367
[188,  3000] loss: 2.371
[188,  4000] loss: 2.363
[188,  5000] loss: 2.369
[188,  6000] loss: 2.384
[188,  7000] loss: 2.366
[188,  8000] loss: 2.371
[188,  9000] loss: 2.365
[188, 10000] loss: 2.371
[188, 11000] loss: 2.371
[188, 12000] loss: 2.376
[189,  1000] loss: 2.376
[189,  2000] loss: 2.364
[189,  3000] loss: 2.372
[189,  4000] loss: 2.380
[189,  5000] loss: 2.356
[189,  6000] loss: 2.367
[189,  7000] loss: 2.371
[189,  8000] loss: 2.368
[189,  9000] loss: 2.367
[189, 10000] loss: 2.376
[189, 11000] loss: 2.377
[189, 12000] loss: 2.364
[190,  1000] loss: 2.375
[190,  2000] loss: 2.374
[190,  3000] loss: 2.366
[190,  4000] loss: 2.385
[190,  5000] loss: 2.378
[190,  6000] loss: 2.379
[190,  7000] loss: 2.376
[190,  8000] loss: 2.375
[190,  9000] loss: 2.368
[190, 10000] loss: 2.370
[190, 11000] loss: 2.364
[190, 12000] loss: 2.377
[191,  1000] loss: 2.379
[191,  2000] loss: 2.368
[191,  3000] loss: 2.375
[191,  4000] loss: 2.372
[191,  5000] loss: 2.364
[191,  6000] loss: 2.376
[191,  7000] loss: 2.371
[191,  8000] loss: 2.378
[191,  9000] loss: 2.372
[191, 10000] loss: 2.367
[191, 11000] loss: 2.365
[191, 12000] loss: 2.365
[192,  1000] loss: 2.368
[192,  2000] loss: 2.377
[192,  3000] loss: 2.369
[192,  4000] loss: 2.372
[192,  5000] loss: 2.373
[192,  6000] loss: 2.370
[192,  7000] loss: 2.373
[192,  8000] loss: 2.371
[192,  9000] loss: 2.372
[192, 10000] loss: 2.368
[192, 11000] loss: 2.372
[192, 12000] loss: 2.366
[193,  1000] loss: 2.370
[193,  2000] loss: 2.369
[193,  3000] loss: 2.382
[193,  4000] loss: 2.388
[193,  5000] loss: 2.375
[193,  6000] loss: 2.376
[193,  7000] loss: 2.365
[193,  8000] loss: 2.367
[193,  9000] loss: 2.366
[193, 10000] loss: 2.375
[193, 11000] loss: 2.367
[193, 12000] loss: 2.375
[194,  1000] loss: 2.378
[194,  2000] loss: 2.370
[194,  3000] loss: 2.373
[194,  4000] loss: 2.376
[194,  5000] loss: 2.379
[194,  6000] loss: 2.360
[194,  7000] loss: 2.366
[194,  8000] loss: 2.381
[194,  9000] loss: 2.381
[194, 10000] loss: 2.374
[194, 11000] loss: 2.362
[194, 12000] loss: 2.374
[195,  1000] loss: 2.365
[195,  2000] loss: 2.363
[195,  3000] loss: 2.376
[195,  4000] loss: 2.380
[195,  5000] loss: 2.369
[195,  6000] loss: 2.375
[195,  7000] loss: 2.367
[195,  8000] loss: 2.372
[195,  9000] loss: 2.377
[195, 10000] loss: 2.376
[195, 11000] loss: 2.375
[195, 12000] loss: 2.373
[196,  1000] loss: 2.380
[196,  2000] loss: 2.371
[196,  3000] loss: 2.366
[196,  4000] loss: 2.366
[196,  5000] loss: 2.367
[196,  6000] loss: 2.370
[196,  7000] loss: 2.373
[196,  8000] loss: 2.365
[196,  9000] loss: 2.371
[196, 10000] loss: 2.374
[196, 11000] loss: 2.375
[196, 12000] loss: 2.370
[197,  1000] loss: 2.379
[197,  2000] loss: 2.372
[197,  3000] loss: 2.363
[197,  4000] loss: 2.372
[197,  5000] loss: 2.356
[197,  6000] loss: 2.381
[197,  7000] loss: 2.366
[197,  8000] loss: 2.367
[197,  9000] loss: 2.375
[197, 10000] loss: 2.365
[197, 11000] loss: 2.374
[197, 12000] loss: 2.370
[198,  1000] loss: 2.368
[198,  2000] loss: 2.376
[198,  3000] loss: 2.386
[198,  4000] loss: 2.381
[198,  5000] loss: 2.378
[198,  6000] loss: 2.363
[198,  7000] loss: 2.360
[198,  8000] loss: 2.379
[198,  9000] loss: 2.365
[198, 10000] loss: 2.381
[198, 11000] loss: 2.377
[198, 12000] loss: 2.375
[199,  1000] loss: 2.371
[199,  2000] loss: 2.378
[199,  3000] loss: 2.387
[199,  4000] loss: 2.377
[199,  5000] loss: 2.374
[199,  6000] loss: 2.375
[199,  7000] loss: 2.364
[199,  8000] loss: 2.362
[199,  9000] loss: 2.368
[199, 10000] loss: 2.372
[199, 11000] loss: 2.360
[199, 12000] loss: 2.372
[200,  1000] loss: 2.371
[200,  2000] loss: 2.367
[200,  3000] loss: 2.370
[200,  4000] loss: 2.376
[200,  5000] loss: 2.380
[200,  6000] loss: 2.370
[200,  7000] loss: 2.367
[200,  8000] loss: 2.368
[200,  9000] loss: 2.383
[200, 10000] loss: 2.377
[200, 11000] loss: 2.370
[200, 12000] loss: 2.373
Finished Training
Accuracy of the network on the 10000 test images: 10 %
Accuracy of plane :  0 %
Accuracy of   car :  0 %
Accuracy of  bird :  4 %
Accuracy of   cat :  0 %
Accuracy of  deer :  0 %
Accuracy of   dog :  8 %
Accuracy of  frog :  2 %
Accuracy of horse :  2 %
Accuracy of  ship : 34 %
Accuracy of truck : 47 %
